TaxMPD,TaxMNTD,TaxDis,TaxPos
0.390751610309236,0.0148234381063252,1.70273324700081,0.167156964212508
0.393909474422893,0.013986013986014,1.70951256997073,0.149155252432682
0.39464488023246,0.0150885296381832,1.71157373505663,0.101757361308097
0.38937743997748,0.0117000392618767,1.70000996638683,0.134452904945502
0.391469801690483,0.0147624656458579,1.70437534334813,0.136817214337006
0.390093057522567,0.0130401234567901,1.70098635265901,0.128181869476478
0.394020461373872,0.0144418423106948,1.70999931627041,0.143133768013267
0.393849813115868,0.0148911798396334,1.71009365002217,0.126378594571405
0.392635056439345,0.0145690312738368,1.70746226654266,0.140294334660507
0.389495255209811,0.0138984345169912,1.70072858539102,0.150542781992874
0.389052640277811,0.0134570765661253,1.7003320605706,0.155686182168777
0.395902606984752,0.0142523364485981,1.71474752092234,0.141817811275868
0.39316670234782,0.0144123314065511,1.70795343218094,0.142941706391381
0.39477055493127,0.0122969837587007,1.71222970783301,0.110104610170525
0.393121789699703,0.0134865900383142,1.70819174669855,0.143183109063626
0.393601801934347,0.0164948453608247,1.70955992136289,0.108875323714362
0.389220754666018,0.0140147115756872,1.69971349777567,0.150581095263393
0.39245138987339,0.0134577985219759,1.70719725394426,0.164539901434729
0.390527760856247,0.0139110604332953,1.70239698315237,0.134121703927426
0.395401915683268,0.0147624656458579,1.71303298083775,0.158559295067893
0.392307359937216,0.0147892720306513,1.70656600561663,0.129533716742729
0.39640958221424,0.0110467361915798,1.71615049763855,0.136092720507936
0.390376025068338,0.0153121319199058,1.70168609071766,0.165732407379909
0.395869299194133,0.0150885296381832,1.71419528044639,0.134226493921201
0.391212868292499,0.0137504828118965,1.70353689122587,0.141226283874903
0.391357599606493,0.0133956386292835,1.70431815097369,0.116451735604976
0.39322723011618,0.0132262996941896,1.7072911389564,0.129264676252825
0.396331543246561,0.0123399301513388,1.71518434405799,0.100667587168667
0.391732319988582,0.0144123314065511,1.7047312251709,0.137128540662935
0.390756332855041,0.0137984496124031,1.70346315227424,0.164505405084355
0.394515402618986,0.012826420890937,1.71156087127224,0.116457101998912
0.389593074109954,0.0139697322467986,1.70007541757403,0.143351756435504
0.390879359861879,0.0126620900076278,1.70269968879641,0.139854847270734
0.39054391869739,0.0123743232791957,1.70277633265909,0.122606484187969
0.39215850748168,0.0158362302047122,1.70593368091713,0.133336691519246
0.396683079997145,0.0140269749518304,1.71657860552617,0.104976602621783
0.395127381716977,0.015645472061657,1.71198633550162,0.142423423697031
0.393848358230208,0.0130100076982294,1.71062803992398,0.159476003209795
0.39345848076421,0.0144018583042973,1.70960850009829,0.132210030170468
0.393208114734767,0.0144726712856043,1.70739935917771,0.147555787347149
0.389417683579533,0.0113294797687861,1.69976679730716,0.130434377685194
0.39418938571222,0.0125290023201856,1.71098243922769,0.150540177687819
0.385034967530151,0.0135645472061657,1.69035876375509,0.156719120910242
0.398273745807465,0.0146435452793834,1.71921767696409,0.139326332308176
0.391685888951913,0.0144792876500194,1.70486296213809,0.127529373645824
0.393507204992217,0.0147635524798155,1.70945624030936,0.13654515868655
0.387893279408282,0.0145638629283489,1.69647833180848,0.173952612198706
0.387462568313391,0.0131629887727449,1.69441207947756,0.145245025664033
0.397800550181268,0.015809968847352,1.71865396327447,0.108556100119833
0.393105275000576,0.0112903225806452,1.70830071442412,0.13562099053811
0.389489402697495,0.0127167630057803,1.69964568457919,0.153964591163401
0.391183318312519,0.0149691358024691,1.70290984312837,0.158092567549973
0.393569028534111,0.0141437308868502,1.70984674137867,0.142234989739028
0.393154109249082,0.0144961240310078,1.70858221443041,0.130720902155445
0.39178192240613,0.0143344709897611,1.70529070776249,0.121477512980613
0.390952156879812,0.0131313131313131,1.70287017468248,0.137461662940559
0.388825765703904,0.012962962962963,1.69884496459399,0.142710893021615
0.395324956232658,0.0167053364269142,1.71298820231351,0.117236089853485
0.390881952152765,0.0149612403100775,1.70313632387003,0.136964707502667
0.394958769632927,0.0154555940023068,1.71200142086666,0.158621111678769
0.393223416447826,0.0137984496124031,1.70911222165404,0.113844636686321
0.394864627230086,0.0141275295914471,1.71151859238632,0.131633234419442
0.390164243726833,0.0153964588144727,1.70057225216816,0.185763079063008
0.394474121084234,0.0135176651305684,1.71093620145705,0.126767200542684
0.39136428336409,0.0131944444444444,1.70468166786053,0.128861327935487
0.3952518132269,0.0138888888888889,1.71294697673556,0.0991957795918934
0.390462193732648,0.0133640552995392,1.70176956673041,0.126558452297431
0.391452441240004,0.0138117283950617,1.70467663412734,0.146052005702121
0.389062691515769,0.014176245210728,1.69864817541526,0.156610512796274
0.3917344162385,0.0156954156954157,1.7041889232213,0.135223930086911
0.388640881436988,0.0122969837587007,1.69749434725734,0.195954386023737
0.394435324664178,0.0143518518518519,1.71173275430512,0.140962881681368
0.386929743390745,0.0143577803647652,1.69461841620998,0.162401280488312
0.39342102656907,0.0137049941927991,1.70944440108657,0.11893587838562
0.38714016368405,0.0126146788990826,1.69448686722582,0.178354614295524
0.391882155910637,0.0125382262996942,1.7063820885972,0.137010666320674
0.390156997074145,0.0128709055876686,1.70168712917197,0.134957737272119
0.391268414778451,0.0130118637581324,1.70410136470334,0.159849131411739
0.392132848375606,0.0146604938271605,1.70626009164182,0.138438588874471
0.386812799530097,0.0113933795227098,1.69341078250215,0.172210837233423
0.394375028135663,0.013627564847077,1.71151494261608,0.155699120928806
0.394242754385638,0.0141484044598231,1.71017535692473,0.108601754179266
0.388534035214127,0.0124372344534569,1.69837319682212,0.144077684394873
0.391840825568878,0.0142692750287687,1.7059243067069,0.129900067189587
0.389823290042378,0.0132262996941896,1.70040604081769,0.141382022790296
0.394560004599052,0.0146171693735499,1.71129642816148,0.122871050139471
0.393174344933402,0.0127969348659004,1.7082033663763,0.122988073373063
0.389935262958861,0.0136117556071152,1.70156059701521,0.129957774540451
0.389364641246026,0.0140350877192982,1.6997386426805,0.108255509368212
0.38845302139428,0.0159134801081499,1.69769527345835,0.163824529384979
0.394559440495592,0.0141910331384016,1.71114740240499,0.162879280067004
0.391491378674728,0.0116207951070336,1.70514115779573,0.161643768782393
0.391895166079417,0.0129353233830846,1.70553206258243,0.200975860068364
0.393730107757083,0.0127167630057803,1.70920192690533,0.173812052826975
0.392254803084274,0.0135030864197531,1.70598264016544,0.136360943210296
0.384292155491332,0.011787217757367,1.68848823933746,0.160118365445128
0.390561588329196,0.0142089093701997,1.70237524863388,0.131274087570438
0.392125356577561,0.0127969348659004,1.70622057713202,0.0939328163595276
0.391951674232929,0.0112385321100917,1.7057950704992,0.104949794012557
0.394151302668508,0.0150387596899225,1.71097024799703,0.117520521251514
0.393843217012774,0.0146435452793834,1.70990435058224,0.164856828095907
0.390140938864338,0.0162245290272972,1.70047056197088,0.140805728518884
0.392064925830036,0.0138173302107728,1.70510482088481,0.111287778714709
0.385599938347503,0.0139747995418099,1.69152124577391,0.137953589364088
0.391671406070335,0.0145161290322581,1.70501820730427,0.110282366940438
0.394330480460082,0.0139946174548251,1.71079966410879,0.117792287641309
0.391715699562557,0.0125192012288787,1.70528878113522,0.144079062811358
0.386740931938595,0.0133025759323337,1.69356665694257,0.160046821418171
0.394370860028602,0.0135040745052386,1.71020104316231,0.174303194603643
0.388006137158353,0.0137186897880539,1.69685439747002,0.151459295295229
0.39343737364692,0.0153667054714785,1.70962603922827,0.107675962110432
0.395211776446568,0.0132250580046404,1.71313542440077,0.144856184355717
0.395206450493265,0.0148575827559661,1.71342479334835,0.15009550529656
0.397677478929247,0.0136117556071152,1.71851331471763,0.15322471215061
0.39079946936676,0.0137984496124031,1.70315466879519,0.139980910561491
0.394240122459696,0.0136258660508083,1.71099042528181,0.122399200071073
0.393856711139264,0.0148488327592805,1.70960939031709,0.156586356310411
0.390981662985155,0.0132567049808429,1.70270584125102,0.181702207977287
0.394642039683562,0.0147376543209877,1.7119224917174,0.145624517767515
0.393518693992474,0.0138759689922481,1.70926672092775,0.112569787485616
0.392849555813055,0.0160493827160494,1.70800484829186,0.13483295465574
0.39663562406337,0.0133333333333333,1.7163310298481,0.154221991808922
0.391685114704995,0.0143134966938934,1.70464698416755,0.164863856470213
0.391927211129165,0.0126798910929599,1.70481816749033,0.162963396347655
0.38749758612523,0.013006230529595,1.69662830702742,0.15857588307352
0.394295455533812,0.015296803652968,1.7110336753723,0.166944428771032
0.392413728657438,0.0142417244033872,1.7058719812896,0.0999663658430001
0.393613530024851,0.0139049826187717,1.70883216580298,0.127105514519692
0.392596874161465,0.0163796402602373,1.70673709881886,0.165687216657222
0.396787165710825,0.0142252979623222,1.71581033563142,0.101618823199951
0.389658152117079,0.0132864400156311,1.69992105373115,0.137940952751021
0.392218024423392,0.0142968142968143,1.70644114594352,0.156194554172272
0.393816731445103,0.0138379204892966,1.7087223995778,0.112185762401231
0.389149223005593,0.0122274143302181,1.69943184360026,0.145208418914406
0.395100728270122,0.0136693394425353,1.71279901791116,0.131977349409229
0.397084242688782,0.0131800766283525,1.71639952692523,0.137217534002484
0.39384358665698,0.0155734560797852,1.70989468421323,0.112496581457665
0.396799106861501,0.0150212930700736,1.7165710338362,0.108971721035257
0.389524325202372,0.0128682170542636,1.7005209204978,0.157038048028635
0.392584010083668,0.0108562691131498,1.70733242066093,0.0988037720785031
0.395440250736601,0.0112135176651306,1.71379906704107,0.119493108125756
0.38829182060465,0.01430781129157,1.69780444939683,0.147072431399685
0.395499405664184,0.0136133800077791,1.71359438475732,0.163210949621206
0.390828677208188,0.0142025611175786,1.70299763133853,0.154900157421668
0.396038321558553,0.0143352601156069,1.71462683534986,0.128433085343328
0.392778770346537,0.0148491879350348,1.70787543097159,0.126379830945748
0.391014155329528,0.0128086419753086,1.70396073534023,0.129393329701683
0.396752682143223,0.0150885296381832,1.71660936909787,0.150940220799179
0.391944785357034,0.0127057022579411,1.70621579184551,0.152613483907133
0.390770830786458,0.0138248847926267,1.70224430527446,0.128881224370825
0.393827324166238,0.013885692366705,1.71049119582584,0.163400121243959
0.39246641480552,0.0138568129330254,1.70659805995073,0.150126133216133
0.391062227931207,0.0147976878612717,1.70354537029963,0.190862634083283
0.39107096348976,0.0122119815668203,1.70408562775852,0.121660760796112
0.393307320256251,0.0131034482758621,1.70886138867263,0.162110910452778
0.398134289203691,0.014176245210728,1.71993659289524,0.0944211618782364
0.388254148322214,0.0126984126984127,1.69712401243238,0.13083259013665
0.394215061667892,0.0130503144654088,1.71032314132803,0.140367238249347
0.390913342252108,0.0123399301513388,1.70353440981816,0.144258364372982
0.391885727939149,0.0140757927300851,1.70486162892748,0.159597940195342
0.393286075994429,0.0121632024634334,1.70867314966941,0.1102489947999
0.391713468340258,0.0126798910929599,1.70468344847435,0.142133741936855
0.389784504152129,0.0120926580290538,1.70028529904729,0.164181821350512
0.394048108083436,0.0138379204892966,1.71109560899483,0.123262721169876
0.392436125774287,0.0151234567901235,1.70712111166738,0.110314586894301
0.389532737125663,0.0141275295914471,1.70016601098862,0.146165296170049
0.392352152149969,0.0135355892648775,1.70696081711469,0.120530700037502
0.395266557029285,0.0167056986729118,1.71324659580576,0.107160422513532
0.389179653148868,0.0138437741686002,1.69912202843814,0.169515482823504
0.392803241634837,0.0153549382716049,1.70816362250551,0.122667169419072
0.390090660601667,0.014230471771075,1.70128525619463,0.153499676778648
0.389854990639498,0.0142139822325222,1.70077464810189,0.17964615381018
0.391826928730305,0.0156771439658518,1.70504814477622,0.095083637999757
0.391695770275514,0.0127131782945736,1.7052196407816,0.147785103057461
0.391047241846857,0.0129479768786127,1.70328528684004,0.157296217455848
0.394581055258883,0.0141158419639432,1.71167266340704,0.14109870321633
0.395335858260733,0.0141975308641975,1.71275655350723,0.117110025797478
0.392875261393024,0.0133486766398159,1.70743371465943,0.109456124257457
0.393167675207073,0.012962962962963,1.70831923407995,0.155284866274824
0.392953597407522,0.0143181818181818,1.70736524961867,0.144585942817754
0.394079750096784,0.0134719014626636,1.71044271357898,0.115330378273768
0.394212889416937,0.0134719014626636,1.71084419083036,0.106852400723188
0.391563953361665,0.0143238095238095,1.70483027156164,0.165698021066096
0.393034962302585,0.0139049826187717,1.70873465498629,0.148131002137686
0.390640631247399,0.0121212121212121,1.70259934750865,0.149044249668749
0.389014783876233,0.0132244262932711,1.69915858110852,0.130042904837033
0.393561966296885,0.0134719014626636,1.7092171885127,0.112823313991403
0.396773385977712,0.0137345679012346,1.71659084715645,0.130009326114308
0.389594742704948,0.0151409810737737,1.7006900412866,0.115758096108488
0.393371886757364,0.0141203703703704,1.70865042017317,0.136473346453697
0.394219972824656,0.0139908256880734,1.71055156834056,0.152887472805173
0.393510473635332,0.013696556942868,1.70894914046826,0.142632895830998
0.391156032156895,0.0153606237816764,1.70303992287953,0.126473703829495
0.388015623765242,0.0132256824298347,1.69599165728534,0.138907385782514
0.395333175972419,0.0155864197530864,1.71227660256725,0.165104672108893
0.390598651880844,0.0125570776255708,1.70248599022989,0.135831878851056
0.394236626134181,0.0126503686457121,1.71045146909279,0.141642384098815
0.395805543001401,0.0144249512670565,1.71411904207136,0.112451381785514
0.394634089073978,0.0147547315565856,1.71171129879265,0.14940443232516
0.395821113393055,0.0152249134948097,1.71458376366795,0.107048671245867
0.392865381446696,0.0134408602150538,1.70808818676864,0.154978554049868
0.394964044636677,0.0137164750957854,1.71252637981228,0.117103894268315
0.392162711674849,0.0127383676582761,1.70628750824976,0.134815441602123
0.390619712685352,0.0160366552119129,1.70226770870361,0.150094535481351
0.394121837974153,0.0149864812668984,1.71004813521899,0.132546843794451
0.394122631817961,0.0124904214559387,1.71086705984932,0.137338187505184
0.391416641270041,0.0113783886979763,1.70494003627069,0.138238597307091
0.394872585340272,0.0139784946236559,1.71212439821715,0.0981515735578962
0.390154501463351,0.0132125330313326,1.70145855695372,0.14788798689978
0.393001997774009,0.0131498470948012,1.70782081206008,0.134916209739154
0.396508877913787,0.0146774816531479,1.7156402354609,0.125568171910378
0.392636199193636,0.0139428571428571,1.70812426109039,0.100129207900711
0.392889424201445,0.0141367323290846,1.70776955201715,0.121134152919439
0.391702484665693,0.0142802596410844,1.70523905198952,0.161800264090962
0.394040465686077,0.0141367323290846,1.70954491528111,0.16863924166925
0.386059730250482,0.0125626204238921,1.69261415366295,0.149425556003787
0.392242501022738,0.0144661308840413,1.70669220268853,0.161369437690702
0.394100638387889,0.0138437741686002,1.71068214590637,0.166617120423548
0.391329240231627,0.014002333722287,1.70455192463925,0.1676831487828
0.391951576627572,0.013917723952326,1.70540275522411,0.121450806613369
0.393817536846465,0.0133178474641889,1.70989252978346,0.0804075869694129
0.389198782598744,0.0151234567901235,1.69879776248097,0.145341263634852
0.393720890803738,0.0134421134421134,1.70989645608374,0.131832270848234
0.396243131378006,0.0148747591522158,1.71494921466899,0.147848047048598
0.390818335042372,0.0137529137529138,1.70207405300052,0.16340132935956
0.393034456937008,0.0143134966938934,1.7078809740932,0.137759151764847
0.393696707560729,0.0132409545804465,1.70955696812819,0.13173990573255
0.389324735425185,0.014192558496356,1.69986629166403,0.165753969044129
0.393996268978089,0.0136870434448289,1.71107269081058,0.125396546322609
0.393694898829775,0.0137614678899083,1.70850487980563,0.140004277585563
0.395870804465439,0.0146774816531479,1.71480301399649,0.129110096416944
0.394201529940762,0.0157547535894451,1.71101836604562,0.118265789103452
0.392273217315091,0.0146774816531479,1.70597085374421,0.1545140469766
0.396548511057165,0.0134402443680794,1.71592614705467,0.165223572135147
0.39231295884726,0.0149082568807339,1.70701605706024,0.128789268455875
0.390205660119592,0.0150439098892707,1.7014564217009,0.164381147117409
0.395127571472865,0.0164126611957796,1.71345543181009,0.167928497926321
0.395996210375651,0.0126105344098424,1.71410981395227,0.140850405056451
0.391896449365549,0.0140432098765432,1.70532275768395,0.132527894375353
0.393803067779497,0.0137164750957854,1.71017216604042,0.140009057350131
0.392040880211985,0.0132567049808429,1.70631880904424,0.156340577269108
0.38983563335511,0.0137504828118965,1.69986280566092,0.126597613238972
0.393590730526566,0.0137931034482759,1.70964424585205,0.143470237818973
0.391855121007524,0.0159021406727829,1.70517148440082,0.173421024704448
0.393867937541995,0.0147806004618938,1.71009410932925,0.146700549167839
0.391160101055328,0.0129608071400854,1.70369564248884,0.125747452942792
0.389630893470608,0.0147465437788018,1.70057081877164,0.182941169441843
0.390171330888251,0.0130584192439863,1.70259167972503,0.175694313688021
0.39045493470349,0.0125626204238921,1.7020989372355,0.149202616327735
0.392691396609245,0.0146697388632873,1.70662570536642,0.153973528394795
0.391826191764432,0.013700727133563,1.70521038390746,0.141360241521501
0.39377573200358,0.0118007662835249,1.70961806829101,0.0990699767253287
0.389268164456461,0.0124228395061728,1.69973493049411,0.1298982696105
0.391506007411077,0.014187643020595,1.70472337687983,0.129414856786611
0.387159374207968,0.0142577359968664,1.69486494319371,0.156588872239267
0.394681864426618,0.0128532713898568,1.71200639327487,0.1545036216433
0.388930813494876,0.0136133800077791,1.6990796904395,0.116750145485805
0.393962526644064,0.0126543209876543,1.71047775487568,0.170621194205406
0.396712634217647,0.0136536994660564,1.71689722475935,0.105919354074226
0.395307530138609,0.0151585460170147,1.71427630939972,0.139327012875616
0.393535187917874,0.0130841121495327,1.70986277494265,0.156006727979034
0.394754753810169,0.0136536994660564,1.71132441916796,0.132076698942666
0.396249966526814,0.0143344709897611,1.715515505268,0.114197516634762
0.393885624808834,0.0146588693957115,1.71022925515021,0.132912738953918
0.394230253265988,0.0138598528842431,1.71065192223915,0.137866977916683
0.392982269210723,0.015916955017301,1.70694830596671,0.127755808785828
0.392971933536171,0.0130688448074679,1.70816759248693,0.123757905098055
0.38971044458264,0.0140552995391705,1.70069899196388,0.137650837357636
0.390499140020499,0.013700727133563,1.70151781467714,0.125929659586899
0.392965087174531,0.014207650273224,1.70859305464407,0.1090494528497
0.388820436661744,0.0139083139083139,1.69840584447566,0.162315304289415
0.389091967249977,0.0134865900383142,1.69961769622775,0.160277137387365
0.390600217438574,0.0138508371385084,1.70301813096347,0.151829272983651
0.390845330380214,0.013472706155633,1.70200279654046,0.136297419107919
0.393536058974732,0.0145593869731801,1.70896647394147,0.143927666618474
0.391130378933847,0.0142581888246628,1.70353837308139,0.128810173370378
0.389524270682016,0.0129228430254656,1.70000814144781,0.159052583686506
0.393801690840829,0.0153310104529617,1.70997218780083,0.127160753870115
0.387799092747445,0.0131619937694704,1.69610195140084,0.202842273951362
0.39024125779344,0.0131336405529954,1.70213757319459,0.125625679063832
0.393015998697934,0.011787217757367,1.70792587073239,0.127122991113084
0.392889702517162,0.0137142857142857,1.70842205976329,0.147584880859703
0.394179333476058,0.0127938342967245,1.70987383596507,0.138733812902293
0.393947196037426,0.0145093547155403,1.7105101758875,0.180157201985119
0.3930976904645,0.0140062597809077,1.70761014975213,0.12772955461296
0.392236205885298,0.0125,1.70656247751893,0.116791925379014
0.396845564468934,0.0154858691444057,1.71585183787932,0.119319810847995
0.394734175408549,0.0142581888246628,1.71186972123585,0.104615276862881
0.390785920852967,0.0135332564398308,1.70220344188383,0.168417855234985
0.393591979949875,0.014552380952381,1.70942545668189,0.142340302335859
0.393472027895827,0.0131809523809524,1.70903016022468,0.145001065297085
0.390127442545193,0.011841599384852,1.70122430632221,0.173384102458186
0.391296385661433,0.0144227080935942,1.70426838525038,0.142016126440166
0.391301250104509,0.0152469856087126,1.70488435594623,0.125218702912603
0.395130373465009,0.0145929339477727,1.71265169609321,0.152238991067127
0.392723242457828,0.0144994246260069,1.70707990229911,0.153802961993306
0.393996312656991,0.0135788262370541,1.71077854040319,0.109238302794162
0.389513958651139,0.0142089093701997,1.69958995129532,0.117011612423958
0.390602869863948,0.0129800307219662,1.70300956724452,0.117111914552436
0.39843528617863,0.0139822325222093,1.72072304987036,0.114671996119459
0.393904683948216,0.0139016897081413,1.71016480888299,0.131589664743248
0.394044454070444,0.0151937984496124,1.71075047554729,0.13020576083941
0.39209255364646,0.015095785440613,1.70643378614532,0.123153019610486
0.398801668926412,0.0136870434448289,1.72145422848087,0.103637483209742
0.391624622125786,0.0116207951070336,1.70443188533252,0.139238872391152
0.392341549217613,0.0156862745098039,1.70673855479215,0.112302847098439
0.395160557190463,0.015793470007593,1.71252092854565,0.184264835302275
0.389693812748535,0.0147718484145398,1.70128399116401,0.151150544297081
0.393481238162564,0.0154377880184332,1.70820317809326,0.17119969066734
0.391343417049259,0.0158693115519253,1.704212479177,0.140662368078187
0.391115086304716,0.012933025404157,1.70343998392837,0.154133647403901
0.393460357527324,0.0122746451860376,1.70867261625816,0.160286177946666
0.392100773808898,0.014356624665903,1.70591656836382,0.143927714151069
0.387868658416657,0.014626635873749,1.69661050724401,0.173120974333667
0.392978595612818,0.0142857142857143,1.70801387793721,0.163118173314649
0.389615479335314,0.0155145929339478,1.69975786772045,0.151556313983944
0.392124801510665,0.0131172839506173,1.70584766684461,0.111020856353116
0.393930381720035,0.0130584192439863,1.71133239882639,0.127939018988445
0.395742441440512,0.0140749148694665,1.71446050581116,0.146661467882061
0.395341369750853,0.0144726712856043,1.71323176142407,0.136071301525483
0.39225600346536,0.0141085271317829,1.70622909865754,0.112355470479818
0.393891380664191,0.0162754303599374,1.70983367451155,0.172405282814686
0.394557887914501,0.0144061302681992,1.71145901330921,0.120818451202696
0.39447750651262,0.0144431774990498,1.71125633813436,0.161820212230812
0.39551648182661,0.0124332570556827,1.7143053465255,0.114349886030165
0.389360916013033,0.014176245210728,1.70002615719472,0.154652361024242
0.392573356019223,0.0138921226232053,1.70748010169212,0.159079094762464
0.390699579478262,0.0139870771569745,1.70331705908,0.134805634848341
0.394022474055141,0.0135021097046414,1.71045304961451,0.132704173954624
0.394784759222478,0.0150439098892707,1.71254349495911,0.14893239320348
0.389482227307399,0.0141714285714286,1.6999577711989,0.175159928553004
0.390014046960987,0.0132875143184422,1.70153647561069,0.145813912088173
0.388118232675123,0.013745704467354,1.69693096308826,0.185452840317682
0.391254615893855,0.0136890951276102,1.70455803184123,0.134259694072919
0.393770620503686,0.0144624903325599,1.71058563298866,0.149327123037669
0.395023237765204,0.0127906976744186,1.7116349784281,0.159215284864794
0.391326622841245,0.0138697318007663,1.70452186847079,0.1261605082101
0.399439902755469,0.013763936947328,1.72278312346978,0.100083729435219
0.391456903127384,0.0133333333333333,1.70444345487854,0.158932000902186
0.39035103390537,0.0123711340206186,1.70194009114043,0.141811543951259
0.39160413669935,0.0153846153846154,1.70468964362156,0.100460719904216
0.390144130433815,0.0132409545804465,1.70240927697913,0.138922112294547
0.392633184555742,0.0135030864197531,1.70723377649107,0.141231906272703
0.390674730607293,0.0141811175337187,1.70209529909581,0.130956955782691
0.390179587576453,0.0129930394431555,1.70192144560198,0.127556319917962
0.392055948048241,0.0144123314065511,1.70519038011201,0.156817180663161
0.39304552826732,0.0154257350133639,1.70851100515113,0.110664556423455
0.393820253518089,0.0144994246260069,1.71036913778681,0.11699776227943
0.391346006515201,0.0137529137529138,1.70435771095033,0.125051428731009
0.396203848012483,0.0135198135198135,1.71512225210701,0.144292366823458
0.391780044001781,0.0129501915708812,1.70504110757557,0.138842063132774
0.391833754920729,0.0131185270425777,1.70549901608978,0.155756466265263
0.396820773071256,0.0159722222222222,1.71670553997137,0.127622209557536
0.393948212720323,0.0140107775211701,1.70977055421798,0.158216560521635
0.387738021197394,0.0149277061352091,1.69594140460863,0.160694219144728
0.39365069217471,0.0143021914648212,1.71012156644947,0.142423748157769
0.395633745225344,0.0131313131313131,1.71423691527098,0.156175254903026
0.394982549128845,0.0138350437096161,1.71239836444742,0.107453875765335
0.39050376600397,0.013885692366705,1.70189860397113,0.139905623591513
0.394581724910738,0.0135593220338983,1.71229272743543,0.161920957429256
0.386484306825172,0.0147376543209877,1.69199693849506,0.157297073255728
0.393941340184115,0.0117919075144509,1.71010232141796,0.138871088201779
0.393217834295825,0.0121979286536249,1.70912293864997,0.105797382930937
0.389046607441741,0.0145833333333333,1.69944858916281,0.153988358265614
0.390018788442865,0.0132708821233411,1.70082742485213,0.146351194962892
0.394316628974644,0.0144559784698193,1.71071685387397,0.129829537310235
0.393808521303258,0.0140190476190476,1.71007396860633,0.132135159111152
0.395225854685487,0.0131487889273356,1.71262782590079,0.126243411790875
0.392615090237008,0.0117960426179604,1.70715812710458,0.148741236956284
0.391189252836652,0.013102119460501,1.70343584008414,0.141135368082787
0.395242227235713,0.0148575827559661,1.71283069809681,0.112205323401908
0.393967705579372,0.0138379204892966,1.71037811089744,0.124298908123865
0.389442958881416,0.0150212930700736,1.69978181074349,0.15022394675875
0.394286671025146,0.0135176651305684,1.71072329230811,0.159427119881134
0.393577855566424,0.0153905645784996,1.70817818598734,0.164647232123809
0.390527230590962,0.0133487654320988,1.70248190928133,0.143273133075248
0.388730834272072,0.0124372344534569,1.69862664424542,0.148218247364468
0.389099050881325,0.0138728323699422,1.69874435252904,0.131207085761583
0.390509883679441,0.011868978805395,1.70273111876462,0.152221718166187
0.393837634309044,0.0140996168582375,1.71034966762811,0.126243642855914
0.386152858060373,0.0132562620423892,1.69145383806637,0.154180007379223
0.392878936299448,0.0146788990825688,1.70759662789496,0.126814794732766
0.38989405182334,0.0118773946360153,1.7020316517828,0.153026015233918
0.391770881163961,0.0137049941927991,1.70552241714353,0.125952667472035
0.389664793282516,0.0103926096997691,1.70034618861522,0.155415533514649
0.386956816272308,0.0149253731343284,1.69476292991197,0.158556784092173
0.393941265416917,0.0144080996884735,1.71020157255259,0.157785151145489
0.391961349955505,0.0149092313634608,1.70578578385175,0.170344235068037
0.389732945676689,0.0143625192012289,1.70122858717033,0.184229778809979
0.389184809895477,0.0135321100917431,1.6987153293696,0.137817751894054
0.396108719286802,0.0147640791476408,1.71522183848682,0.126927082173878
0.396685987212733,0.0135021097046414,1.71667646226706,0.116814767949439
0.39401849300885,0.0141695702671312,1.71051448306041,0.114048951711897
0.395318924081077,0.0146024464831804,1.71324609412936,0.188575244839556
0.394233914879921,0.0158620689655172,1.71086697598512,0.128870302422473
0.390491287927557,0.0121913580246914,1.70291288747174,0.128513128584215
0.39360453307181,0.0134857142857143,1.70967139599014,0.12981235854933
0.394909676016525,0.0139269406392694,1.71235560962683,0.120729927030048
0.39158303185643,0.0140877598152425,1.70503947367483,0.117276330273422
0.391326890362017,0.0165522501906941,1.70438667047097,0.149185187641454
0.389271783096824,0.0142417244033872,1.69954282427211,0.178934795212721
0.389239121627097,0.0140921409214092,1.69929915035114,0.206414922947558
0.390246199957183,0.013102119460501,1.70192227785874,0.116717936008682
0.386516627512953,0.0133486766398159,1.69336588550893,0.141592299026858
0.391418682680141,0.0138697318007663,1.704455410704,0.145985448185982
0.387969385570542,0.0131791907514451,1.69679435344126,0.130276556127369
0.395286569022931,0.0141085271317829,1.71256406610255,0.133302531308459
0.390798512636289,0.013627564847077,1.70355764667474,0.122253887330229
0.393998339586158,0.0149675448644521,1.71062290579391,0.139030053569779
0.398492828767818,0.01272030651341,1.7206414568559,0.142562551171497
0.395510185426653,0.0131324835843955,1.71345917926266,0.128151553010601
0.393961274909517,0.012962962962963,1.71001138151586,0.136381204053134
0.391469827835552,0.0149345650500385,1.70399545926634,0.160123007362446
0.395286191690362,0.0141647421093149,1.71280618569462,0.123774368776541
0.391643554485531,0.0135788262370541,1.70570709233817,0.124339911281856
0.390570495394521,0.0131968145620023,1.70359306576891,0.142501124911735
0.3924330769626,0.0122887864823349,1.70671206909235,0.127313369980297
0.392354795274834,0.0136890951276102,1.70639525532575,0.159825966653736
0.392667066473819,0.0156771439658518,1.70717522722023,0.110041370932705
0.391328379259382,0.0144267274107821,1.70423402684333,0.132042320156178
0.391950410943055,0.0145496535796767,1.70559970920019,0.125806175559741
0.395488000526403,0.0126044039483675,1.71295496567541,0.104495456985803
0.392375053163066,0.0150914041229094,1.70501960755478,0.130228627995475
0.393689726802372,0.0133638793432608,1.70958411937746,0.124040875189928
0.392523019753391,0.0137231968810916,1.70698171359084,0.150159237227041
0.393108844331196,0.013581684128832,1.70868741332889,0.112567400381155
0.391937984496124,0.0134108527131783,1.7053994086476,0.124263244273974
0.395109473127047,0.0125,1.71303839709677,0.136622476131873
0.392373995167942,0.0126503686457121,1.70658020225188,0.146652414057875
0.394406915523492,0.0142523364485981,1.71090838468498,0.115116472555255
0.398404372902474,0.0142639206712433,1.72032343829446,0.109252973797454
0.390535004694585,0.012933025404157,1.70277652799527,0.150152406173103
0.389097060554798,0.0123513617184503,1.69949626324727,0.141840007310222
0.38774131395799,0.0131629887727449,1.69609034858402,0.145759993439144
0.395156606018182,0.0135788262370541,1.7130478161702,0.134823879060354
0.39200731728252,0.0138117283950617,1.70552713174973,0.157947397753714
0.393811405632527,0.0154313949068795,1.70897136031723,0.134846443961993
0.394031277418445,0.0144827586206897,1.71124093872331,0.133478904405728
0.39239959108248,0.0117511520737327,1.70716939857671,0.122919810620743
0.389077563173246,0.0135198135198135,1.69857812727427,0.163192286451972
0.392486088261426,0.0146726862302483,1.70696082690526,0.198913959573932
0.392718760410196,0.0130081300813008,1.70659088809691,0.118869213540245
0.39396725805088,0.0128560431100847,1.71046150032457,0.184827672058655
0.395162973475285,0.0114439324116744,1.7131372675625,0.132109388831139
0.391381909935002,0.0140637140637141,1.70452141505128,0.140466212353196
0.392600822718675,0.015095785440613,1.7075528476817,0.12308408752216
0.392381764731127,0.0134259259259259,1.70687411994478,0.131115701088301
0.391310458778593,0.0148148148148148,1.70398775004739,0.130218003360869
0.393147003163435,0.013302752293578,1.70833321473375,0.117973259353596
0.395028110381529,0.0150462962962963,1.71282571634484,0.0955858265351756
0.392962551720244,0.0144457319428351,1.70729024545257,0.160744436360052
0.390823100471228,0.0143019296254257,1.70332725775243,0.14345854628022
0.390614563345895,0.0158218125960061,1.70242462015217,0.145887166907864
0.39171517135279,0.0132553606237817,1.70448470666501,0.132370772945972
0.394771255694081,0.0121212121212121,1.71201140887872,0.09725371851492
0.392808221895957,0.0138697318007663,1.7070428414742,0.154565515791521
0.393181524992446,0.0142748671222475,1.70843481263206,0.139941714174801
0.390177282922024,0.0137689614935823,1.70110617568072,0.160877449657055
0.391792273635352,0.0125382262996942,1.70618705729018,0.117101116963343
0.390170456295006,0.0125526215078454,1.70146048311482,0.142278291591379
0.396731249553986,0.0151830443159923,1.7160126017907,0.140653076921906
0.391182428434327,0.0136518771331058,1.70411086732193,0.129360015638795
0.395194600051677,0.0125336409073433,1.71288753822135,0.158782089205032
0.395581497793372,0.0117190531625922,1.71385690724589,0.11420547760232
0.395700064226076,0.0135645472061657,1.71477198418192,0.0976840405333555
0.390991966929944,0.0144624903325599,1.70343590902811,0.142586924262301
0.393315085224484,0.0149358226371062,1.70851264025485,0.144749526797446
0.394200741650234,0.0135176651305684,1.71135011141762,0.134072700311321
0.387887763899655,0.0129181084198385,1.69643088987158,0.140171672185819
0.392049731451939,0.0155504234026174,1.70646943260195,0.153574639621632
0.393222393888674,0.0138888888888889,1.70903317107354,0.158462283238307
0.393587006280131,0.0149691358024691,1.70928679715277,0.131944633029211
0.390382744660458,0.0122685185185185,1.70251688264707,0.134176028779414
0.388966575400447,0.0148659003831418,1.69860849825144,0.146736416821886
0.392033760537846,0.0127462340672074,1.70554910740785,0.11625919939128
0.391975845099638,0.0125,1.70520061320351,0.155857361584887
0.394889833278849,0.0133333333333333,1.71234506291655,0.171455992803337
0.39099800430956,0.0128116609129267,1.70406213466356,0.147761002025004
0.395248336706215,0.0144061302681992,1.71297317522151,0.121233848077387
0.390748273225878,0.0126105344098424,1.70293890071614,0.139954353249646
0.391684507243274,0.0135645472061657,1.70524449673679,0.140151341699835
0.392042499198656,0.0135332564398308,1.70685924023562,0.152104153110892
0.393035490845462,0.0156999226604795,1.70855178912658,0.090552587031711
0.394376828818122,0.0140147115756872,1.71144334145427,0.14077151883386
0.385787420105485,0.0139303482587065,1.69226588053463,0.158348189508968
0.3960479574499,0.0133640552995392,1.71458285052284,0.121596031432815
0.392738197799322,0.0159471022948269,1.70810196390737,0.127685363686626
0.389362916925187,0.0151131568853088,1.69950365769965,0.136910229209709
0.388139636353232,0.011033950617284,1.69670024105969,0.186389520214383
0.394061264409763,0.0149173394848135,1.71066515262853,0.106453545157957
0.391764759157297,0.0139946174548251,1.70549636880296,0.135521339475381
0.396452345365484,0.0124137931034483,1.71576661427861,0.140360331749635
0.39677187383823,0.0149010477299185,1.71644597648665,0.161793759106978
0.394229324921677,0.0133487654320988,1.71049629751095,0.153025775005582
0.391737708419549,0.0142417244033872,1.70613620592201,0.122942268408362
0.396739164607423,0.0138437741686002,1.71645322968705,0.140017095704034
0.390490743613611,0.0126515151515152,1.70208427666624,0.154805618987355
0.392104930534343,0.0143730886850153,1.70572765729141,0.176267846179075
0.392087697504631,0.0153904761904762,1.70529201370034,0.126130007766114
0.393193440559713,0.0147295742232451,1.70816672282126,0.1183850718597
0.393547324052961,0.0145929339477727,1.70974902714493,0.134210799946869
0.391345864984335,0.0131944444444444,1.70466986334959,0.14895718178741
0.395897244211866,0.0140877598152425,1.71519096586956,0.179479798228817
0.397256476129309,0.0153371868978805,1.71736423230403,0.13575350666237
0.392872007291695,0.014031007751938,1.70767933715627,0.142851713914111
0.392499062952104,0.0142802596410844,1.70673328996873,0.116718992629972
0.391698711816419,0.01415313225058,1.70557164957863,0.12353782313743
0.393949622810382,0.0137931034482759,1.70954997570044,0.160364164245875
0.390753403017884,0.0132409545804465,1.70308558263243,0.139901932914742
0.38700269579042,0.0136310223266745,1.69405020582363,0.163498028459118
0.390498681486325,0.0114285714285714,1.70226555136476,0.151675951819691
0.391920671243326,0.0115047619047619,1.70617394451605,0.166282207008498
0.391400312243369,0.0133333333333333,1.70509058000541,0.154247252359259
0.392008735594842,0.0148837209302326,1.70558621283201,0.150287224515341
0.394146853738091,0.0140877598152425,1.71113678953051,0.149164557815153
0.39417811748617,0.015063731170336,1.71054640372682,0.120973445648901
0.396394168080376,0.0142912321359598,1.71536336840158,0.162001647111343
0.391354311336852,0.014176245210728,1.70354717525593,0.137468246191549
0.391743779949644,0.0129457364341085,1.70496611461474,0.149788053743578
0.39257343358396,0.0128761904761905,1.70760841532567,0.131523891754416
0.386699324420849,0.0127562642369021,1.69327500917774,0.144051517080152
0.395721564387012,0.01270207852194,1.71517568134269,0.145808947074604
0.391768360208519,0.0132404181184669,1.70488624371974,0.119814630381773
0.394537905992604,0.0131639722863741,1.71146768565662,0.147500777075275
0.393167519685381,0.0139110604332953,1.70851279210551,0.107280191698432
0.394830909767339,0.0135332564398308,1.71221890905065,0.147917551321131
0.390795576688346,0.0147196261682243,1.70362227071201,0.138578221806043
0.392917081624881,0.0128055878928987,1.7080163752224,0.124637453532909
0.393124860363171,0.0160060400151,1.70831051950026,0.13833547184605
0.394739126128803,0.0140921409214092,1.71243855921015,0.11298882580852
0.394145458707065,0.0153549382716049,1.71049453655659,0.116790365253454
0.392412496445086,0.0137614678899083,1.70624101210384,0.13288720683298
0.39471504294095,0.0153132250580046,1.71181281718244,0.158450985737343
0.39470527329858,0.0130081300813008,1.71144320046656,0.118293929834676
0.390464689882618,0.0134264648816453,1.70170582564153,0.150524657892309
0.394241490390849,0.0142968142968143,1.71086527929946,0.154181233739758
0.397541956976365,0.0150439098892707,1.71901962579722,0.108389297138549
0.387994792784287,0.0140432098765432,1.69684182622746,0.144597521103348
0.390443538276786,0.0134711060084194,1.7018407983024,0.13657511645643
0.390652940503269,0.0136574074074074,1.70273393361113,0.163951827921954
0.3930621565689,0.0141811175337187,1.70882723526435,0.143134084507291
0.38680093674273,0.0148234381063252,1.69459132210909,0.160430797387756
0.392252569193552,0.0135321100917431,1.70469437701872,0.135358176150949
0.394358796515233,0.012905689194349,1.71157543023231,0.127598502927616
0.395447322257765,0.0140749148694665,1.71413535720101,0.13910829201694
0.395247923035505,0.0138568129330254,1.71374463472068,0.118363969412194
0.393901578359521,0.0130869899923018,1.71022846617149,0.100442163554025
0.389023525814053,0.0135021097046414,1.69942929993615,0.187428723908341
0.397646707209314,0.0132861635220126,1.71951737739327,0.0944983187443502
0.392194004549161,0.0125,1.70582818727023,0.142092026929783
0.389839109022319,0.0151761517615176,1.70113116013093,0.177033515223495
0.392723352982909,0.0133025759323337,1.70741354452438,0.120011685400996
0.390317140352517,0.0139337952270978,1.70165291866982,0.132411647136548
0.391715391042529,0.013763936947328,1.70508877552005,0.13656713005486
0.391525404476878,0.0154080854309687,1.70422366335725,0.158531587330165
0.392927995432812,0.0141811175337187,1.70792330439961,0.150846389600485
0.392695408897159,0.0149253731343284,1.70730691042223,0.136781542807848
0.390998145823083,0.0132097334878331,1.70334834304232,0.137012953739938
0.393245914507957,0.0141811175337187,1.70874151912975,0.142921556083131
0.391037968830459,0.0129820542191676,1.70338895764626,0.138272573789912
0.385136493724406,0.014356624665903,1.68985650596833,0.209374873296254
0.392984678728374,0.0143895905089935,1.70768932852424,0.120183731905778
0.390627161519863,0.0143021914648212,1.70250493480176,0.152152005951435
0.394556061354443,0.0147806004618938,1.71159235986424,0.161062059146506
0.391675967583972,0.0130718954248366,1.70495543016436,0.153088131848252
0.393123787349631,0.0143410852713178,1.70869573012857,0.176053976558275
0.389679341207088,0.0131324835843955,1.70051454978822,0.158771975884409
0.394037209592083,0.0134719014626636,1.71086810013319,0.14563472073661
0.389795892643312,0.0144792876500194,1.70159798916522,0.134640080898774
0.389747100769968,0.0138379204892966,1.70074172246027,0.128486838272155
0.394397668101542,0.013953488372093,1.71092566703679,0.152410323334251
0.395727309813457,0.0144353899883586,1.71497633062516,0.133688621176441
0.39606936416185,0.0147976878612717,1.71465123222986,0.13821458780826
0.390345029953033,0.013885692366705,1.70201205303051,0.170868319681518
0.395480625133804,0.0127938342967245,1.71384933171795,0.171604595911324
0.395587868701658,0.0128440366972477,1.71417217589939,0.147518530774266
0.395151806414005,0.0130100076982294,1.71253220954909,0.134958669635017
0.391629652868363,0.0157874169597499,1.70480305428776,0.128275821441765
0.390940125549082,0.0154313949068795,1.70366617097521,0.156680356483823
0.39412471154874,0.0139211136890951,1.7099246583418,0.125432477835356
0.392332768264595,0.0142746913580247,1.70665314897548,0.118869386854556
0.390491558976937,0.0131800766283525,1.70313185811251,0.119741036177607
0.390308998111892,0.0135929744177167,1.70280489498242,0.177124232518819
0.395880940238131,0.014630288651641,1.71439796227413,0.0894168572019881
0.388771538965429,0.0134402443680794,1.69887541553952,0.169167468801107
0.391471287801563,0.0144329896907216,1.70482935090456,0.133983803713654
0.394990737164356,0.0134259259259259,1.71279808981658,0.129831051610549
0.392030337554833,0.0146150840171942,1.70659934723665,0.131167785837778
0.393540823782157,0.0146246596654998,1.70870630415654,0.123490586589315
0.395768747088146,0.015196639938908,1.71434018881545,0.126327102610111
0.392077665981003,0.0139784946236559,1.70559451886053,0.119916357989145
0.390544775763232,0.0115074798619102,1.70257918759327,0.157054787228358
0.391989035585399,0.0126250962278676,1.70523192255132,0.164464941496947
0.394083229618185,0.0112654320987654,1.71059949958556,0.131271399832516
0.395409897342108,0.0125481139337952,1.71366802810766,0.131933969320249
0.389045687851358,0.0145161290322581,1.70011143940565,0.127268740155185
0.385968397210838,0.0142417244033872,1.69199745894553,0.129339623969935
0.394212398978877,0.0146360153256705,1.71036795928142,0.132149233933172
0.394496471612086,0.0147619047619048,1.7113378132316,0.11481995955525
0.390950545921644,0.0136416184971098,1.70296409915189,0.150484939305916
0.389294321639276,0.0144690781796966,1.69944086369899,0.137074131302748
0.3925436388385,0.0152249134948097,1.70709137434952,0.167904320281864
0.387784322561263,0.0126543209876543,1.6968356932861,0.148457589962961
0.391444350005448,0.0121904761904762,1.70487311773688,0.189763992297842
0.395441001058377,0.013441483198146,1.71327270934252,0.121276770234718
0.391881955279612,0.01415313225058,1.70624050724569,0.125757054437383
0.395729501481061,0.0148664343786295,1.71450769556094,0.131831159760152
0.38854304571079,0.0130718954248366,1.69720946584167,0.154748305187199
0.39010529711297,0.0141010575793185,1.70122714978648,0.155353206632671
0.393341570638427,0.0141158419639432,1.70909921279637,0.116495666798668
0.38860875147505,0.0139946174548251,1.6979025849752,0.162860140126224
0.391695501730104,0.0152073732718894,1.70510752309794,0.135277793469161
0.394089728664816,0.0129608071400854,1.71043936930989,0.13228566920922
0.388358359238275,0.0136101499423299,1.69730980199298,0.150708394952854
0.390913261039945,0.0143401983218917,1.70362367003289,0.151278779576878
0.390229923418192,0.0136258660508083,1.70134156083316,0.139805912602921
0.388315534464592,0.0136890951276102,1.69735267897663,0.153696271944745
0.394666351214625,0.0146002317497103,1.71181378973016,0.131202680377468
0.392570363151735,0.015473441108545,1.70736169102944,0.148115195395425
0.395233564263265,0.0130434782608696,1.71285473819647,0.162410494131577
0.395848706659824,0.013472706155633,1.71458179752956,0.122372810304825
0.397544563702307,0.0151376146788991,1.71735336588566,0.121488104783193
0.39268625924313,0.0139303482587065,1.70685681390593,0.134440184838085
0.391212605246772,0.0136434108527132,1.70408034957719,0.118981367392515
0.390319535280205,0.0133797370456303,1.70156738469157,0.131389228471933
0.393910544576991,0.0154080854309687,1.70988132472419,0.129426808131435
0.39291746396224,0.0146957520091848,1.70825514415993,0.153454762258028
0.392253113117807,0.0132250580046404,1.70684777123365,0.113746115936879
0.397435911191222,0.0138888888888889,1.71782308913409,0.142728225769485
0.39034587609274,0.0137590269859369,1.70124371744568,0.131317893655526
0.392604372274654,0.0136101499423299,1.70685256388496,0.110111582174844
0.393582565108423,0.014247619047619,1.70894973190867,0.182318785329554
0.389434960331352,0.0139697322467986,1.69994417544368,0.133504849450166
0.391508963049991,0.0130552336809579,1.70485343567936,0.150291876326144
0.39267198025875,0.0148062907556578,1.7071421001016,0.119224085904233
0.389390165726116,0.0132875143184422,1.70034297925118,0.134524529476321
0.391005572006924,0.0136574074074074,1.70368711148989,0.132433110237183
0.390001891515016,0.0133945656333716,1.70210864538569,0.129509238753031
0.39133276939578,0.0143745143745144,1.70446907867709,0.175702973295805
0.397788800268067,0.0134099616858238,1.71897542579365,0.113811009239356
0.390426048628193,0.0134396355353075,1.70276834803161,0.147072009158925
0.391934440890173,0.0135452137722285,1.70657986122606,0.139828442250892
0.391159962788073,0.0133333333333333,1.70389837120039,0.137576181491725
0.396862080311289,0.013966049382716,1.71684922112699,0.101332921262466
0.396051924286613,0.0147722923842327,1.7148738842966,0.127669593429279
0.397858510797511,0.014059482425647,1.71810659779554,0.157988884919435
0.39265358005148,0.0141414141414141,1.70774432333943,0.132353755085799
0.395111757821713,0.0133949191685912,1.712898001641,0.105664823792258
0.391825103347617,0.0136258660508083,1.70569198595459,0.123563565837217
0.396807431779986,0.0132250580046404,1.7174869887192,0.105945186469647
0.390387603491745,0.0147465437788018,1.70159104569348,0.118339973310489
0.390543342274645,0.0133025759323337,1.70321569808143,0.143785163957499
0.388569380556252,0.0145398298530549,1.69717484212965,0.177400172124209
0.390977443609023,0.0138666666666667,1.70404776255433,0.130010514864209
0.394656296707803,0.0137164750957854,1.71203479824437,0.119695447011229
0.394757350898774,0.0146360153256705,1.71252282185099,0.142853928845983
0.39324671631258,0.0151376146788991,1.70881007009428,0.150706718694507
0.386862430969782,0.0132867132867133,1.69359263195475,0.155094214176478
0.398927454244945,0.0156416097190585,1.72134133585173,0.0886935449189226
0.392196520445011,0.0134892787524366,1.70644900492483,0.110294014228135
0.391690574295719,0.0140391254315305,1.70499390081714,0.128836697502813
0.389859371000233,0.0145129996119519,1.70144494478637,0.132879954547955
0.394976966505555,0.0161616161616162,1.71247445376037,0.152996899408462
0.391107447940256,0.0142201834862385,1.70431451403655,0.127117529442805
0.392364339998317,0.0148323471400394,1.70699890783855,0.156600346994617
0.393598811001793,0.013548883756736,1.70901275329807,0.14187633343049
0.390259841376671,0.0124760811327976,1.70158717510065,0.148823654724699
0.39436398636072,0.0148830072880706,1.7107453318948,0.161621012439668
0.390157925125292,0.0124705882352941,1.70169506835546,0.144607078152159
0.392354302280564,0.0138598528842431,1.7066516045033,0.130181872479113
0.393160520614991,0.0120030581039755,1.70845233048218,0.131416074592909
0.39561925673377,0.0141627543035994,1.71363691549943,0.101484716773728
0.390460599166928,0.0148233486943164,1.70243185562523,0.144568508884154
0.389838209248905,0.0158657513348589,1.70056570875142,0.134322932806926
0.391193471158552,0.0158620689655172,1.70388823486269,0.140561805546575
0.393919407213686,0.014247619047619,1.70940887470909,0.146737571094574
0.393315745553876,0.0132250580046404,1.70937993930857,0.127213197759312
0.390903510210519,0.0142139822325222,1.70311573165606,0.174583722128648
0.396214965014616,0.0130268199233716,1.71576373329377,0.142877834311749
0.389817913133552,0.013885692366705,1.70168971121623,0.162533184045333
0.390962655393903,0.0155092592592593,1.70270458475006,0.161464625999588
0.392074654023532,0.0127496159754224,1.70643939992137,0.145877407833855
0.391509782207457,0.0140147115756872,1.70548162587201,0.142139833449322
0.39080211232427,0.0141811175337187,1.70299751535448,0.141840377542385
0.388173027718076,0.0139337952270978,1.69705870107165,0.158795131487905
0.392696204728404,0.0105465742879138,1.7073212375072,0.127397136064011
0.392989143677072,0.0137209302325581,1.70795261208164,0.0988160178365404
0.394554385964912,0.0133333333333333,1.71169516932918,0.105600518300492
0.393543048816823,0.0148741418764302,1.70933060705226,0.165858136085549
0.39357280156914,0.0123428571428571,1.70978250486268,0.11850209525577
0.391249548990966,0.0135166093928981,1.70519790410148,0.130719444764137
0.394783713266215,0.0141295862607338,1.71157494270762,0.1388077524829
0.393526063776875,0.0139822325222093,1.70848830009856,0.126270112625037
0.39389619617111,0.0133023975251353,1.70983329026385,0.109552349233776
0.393143640974272,0.0127906976744186,1.70867157656942,0.156923833702341
0.39282720341044,0.0141975308641975,1.70742349063271,0.117327744948622
0.395642109581232,0.0130718954248366,1.71382661131441,0.121449877942944
0.392218398180015,0.0133486766398159,1.70576949684758,0.169053112976712
0.39061573309509,0.013953488372093,1.70253314039887,0.20184657790014
0.393502015909339,0.0144,1.70865157958187,0.108828113765407
0.393343707093822,0.0136380952380952,1.70860544480496,0.136269516298794
0.394831584956826,0.0147976878612717,1.71244407265137,0.126589673812768
0.392021544387351,0.0135332564398308,1.70648078069394,0.16977358707694
0.396454139381267,0.0134585289514867,1.71605362328495,0.137493867150322
0.393506169796075,0.0147368421052632,1.70957393377124,0.111461329357939
0.389930241582514,0.0131007751937985,1.70108001598504,0.143027573131475
0.391592918002115,0.0149769585253456,1.70466493857497,0.132815016914834
0.386944216047825,0.0129608071400854,1.69411773196942,0.132522550076818
0.390147609795621,0.014230471771075,1.70063317108438,0.141149720339691
0.391478983800756,0.0133333333333333,1.70387576925177,0.136107894948737
0.388327348293707,0.0126250962278676,1.69647934101975,0.134821108564773
0.393084298949302,0.0132404181184669,1.70894443243634,0.0822881763345952
0.394005318762546,0.0137480798771121,1.71084448680378,0.10190240492516
0.39382072392995,0.016323417238749,1.71001135423662,0.143981271316939
0.395922820618151,0.0136850152905199,1.71483917064899,0.135708699842286
0.39159423392564,0.0127938342967245,1.70465265023161,0.107556778599065
0.390545859271041,0.0128440366972477,1.70189220021943,0.142350964006194
0.391060087062014,0.0133333333333333,1.70452106843735,0.142046735684899
0.390803801066681,0.0143410852713178,1.70350323776597,0.16647684506677
0.391321905063542,0.0127822426329889,1.7028509284876,0.143407238225974
0.391833355077191,0.0144596651445967,1.7052686607477,0.138659828525076
0.396210094020065,0.0131477184841454,1.71535551191171,0.100937517817144
0.388951853295274,0.0132262996941896,1.69934740312908,0.135390445266872
0.392699142905823,0.0152336081664704,1.70610789963333,0.142619029843217
0.39312404062113,0.0148234381063252,1.70855940180752,0.158610789527729
0.391938160057248,0.0134248665141114,1.70594364213027,0.171957052039521
0.390617640762149,0.0144894026974952,1.70228920269721,0.170114393400267
0.395148898787629,0.0124516627996906,1.71344858887468,0.129274973912868
0.393503134948623,0.0143459915611814,1.70961587622582,0.141800445728779
0.396438610233278,0.0144018583042973,1.71607156772519,0.124384141125845
0.391661838676014,0.0134408602150538,1.70442079093625,0.131589955777904
0.391554500711665,0.0129181084198385,1.7049109881627,0.143601486116769
0.39129379202321,0.0138568129330254,1.70333814421059,0.116623594876013
0.390276612388378,0.011918492887351,1.70213653087738,0.116418675639049
0.395826350123828,0.0133945656333716,1.71521580591674,0.108403468905391
0.391446758321404,0.0160278745644599,1.70464026650269,0.175904554280552
0.385005063651505,0.0131313131313131,1.68899711910203,0.190437992191053
0.395373248697206,0.0152249134948097,1.71374756673815,0.0955589481912167
0.393374723471063,0.013102119460501,1.709262128526,0.132956953262495
0.392363593303092,0.0137071651090343,1.70648615793616,0.115771546358104
0.391385649979074,0.0144457319428351,1.70443842299765,0.158894341833715
0.387482233539442,0.0143134966938934,1.69591733730442,0.151452033426405
0.395794529562394,0.0155864197530864,1.71369157958783,0.156448531582178
0.391667578884602,0.0138568129330254,1.70507316208527,0.115021676025875
0.390645828873189,0.0144123314065511,1.70333997530052,0.106874167508003
0.389073664152977,0.0124567474048443,1.69844111592444,0.143345293738364
0.390577985162403,0.0123853211009174,1.70180057718988,0.141891401747736
0.387479030112092,0.0142417244033872,1.69594433603968,0.157243512251827
0.393380691281996,0.0137824235385211,1.70912382649482,0.160270742485745
0.394267031191705,0.0129672006102212,1.71130100782213,0.128989266470452
0.394878684079069,0.012485549132948,1.71160364027544,0.112149177101268
0.396222901207624,0.0150191570881226,1.71549772530528,0.131548284297841
0.393780307822054,0.0138248847926267,1.70933553405902,0.140576212207354
0.396443289584747,0.0135367762128326,1.71576446480556,0.134129298122895
0.393836869541239,0.0121212121212121,1.70934515808598,0.119867181907852
0.390172193808002,0.0150914041229094,1.70239787419171,0.130953388844159
0.391476288399395,0.0157689305230289,1.70428083502599,0.125092573297075
0.393740812754344,0.011264367816092,1.70966273432746,0.129640958491534
0.38992125022344,0.0132250580046404,1.70119378025474,0.166407322890211
0.394606630859848,0.0129353233830846,1.71128927191129,0.130204174547229
0.397479384816463,0.0134563629373318,1.71819910276343,0.132652142174661
0.388298275734946,0.0136085626911315,1.69740119144533,0.163942817879522
0.394936001795945,0.0148830072880706,1.71190689634421,0.104370257521759
0.391067085818921,0.012962962962963,1.70390115501764,0.13048953837092
0.391313972889563,0.014780241151303,1.70393795284114,0.148373141981804
0.392353466713593,0.0158914728682171,1.70626701003064,0.14533066146794
0.39611507567139,0.0131818181818182,1.71510823445166,0.125000327252518
0.395387100182644,0.015840061514802,1.71309597410171,0.121832846436064
0.39469355257312,0.0140834290088021,1.71155310546835,0.142174031016353
0.387979466064901,0.0140068886337543,1.69667653257913,0.125908336560795
0.387260401056162,0.0142581888246628,1.69559311273492,0.189391831559297
0.38925105259402,0.0144894026974952,1.69903307623717,0.165296048823223
0.391801898237351,0.0121001926782274,1.70598622070554,0.164483071627655
0.390705963406999,0.0129930394431555,1.70305562038661,0.129429133240117
0.392975177592307,0.0153310104529617,1.70769059310668,0.113335564109808
0.388714557182475,0.0126436781609195,1.69747364783458,0.170223885028677
0.38961299889975,0.0132872503840246,1.69931678881814,0.145789342051287
0.393119933961323,0.0120218579234973,1.70851815342752,0.14949891543019
0.39644044999109,0.0142801707411719,1.71579515301584,0.122423144765493
0.39160498506466,0.0134108527131783,1.70513976771534,0.144621118038116
0.39097966129163,0.0123886953155246,1.70339543127348,0.117554941241457
0.395003944943788,0.0139588100686499,1.71300816912589,0.13049544360078
0.391149469276078,0.0146957520091848,1.70467542759709,0.164158894920211
0.396204717549276,0.0151273280121627,1.71422730481792,0.129408369823107
0.392654910179907,0.0163972286374134,1.70788865714926,0.172682678102101
0.390614072646828,0.0133333333333333,1.70350821915812,0.155778980611635
0.393689598148882,0.0146945088940449,1.71002293853458,0.109963352159267
0.394708072938574,0.012883197516492,1.7106559862076,0.104261714232078
0.392870282609566,0.0134719014626636,1.7082870240641,0.130180823044011
0.393228762009015,0.0140877598152425,1.70766189675079,0.160048112477659
0.392909128602539,0.0137553731926534,1.70765568569251,0.13532954157879
0.39506300420028,0.0140557518649391,1.71203057730402,0.140241782887069
0.394581311335413,0.0109831029185868,1.71196500729065,0.159987854316758
0.389734279126829,0.0151860288534548,1.70058988812487,0.14782412225942
0.393821498347874,0.0140147115756872,1.71018025851457,0.143125452222902
0.393546854934181,0.0131324835843955,1.70942238512166,0.117670067198881
0.39018523650536,0.0157673172598546,1.7014779557883,0.16828403898561
0.394282170051599,0.0144661308840413,1.71128023883539,0.149712067969134
0.392518144743209,0.0144144144144144,1.70668169471999,0.101866598287027
0.394235376228472,0.0136890951276102,1.71145957288721,0.109677185963635
0.392283887801696,0.0149923896499239,1.70584216774242,0.131156872939495
0.39590104449118,0.0131800766283525,1.71437474177877,0.157537926961555
0.394512090219334,0.0137614678899083,1.71087047431095,0.129680419638849
0.388970059493073,0.0140350877192982,1.69967611707702,0.119355374394156
0.390216979242665,0.0138888888888889,1.70247603534791,0.145072062927907
0.399606565505496,0.0163186388244393,1.72227516943677,0.140717905053905
0.394627376507446,0.0156635802469136,1.71092167304793,0.130808103651347
0.387939618178476,0.011841599384852,1.69684697702722,0.187460061184792
0.391194432991728,0.0133797370456303,1.70370924060263,0.140120240501198
0.394619243761578,0.0154666666666667,1.71167825498157,0.138647255348997
0.394434544184019,0.0129181084198385,1.71155094034143,0.12375527356745
0.392630414615,0.0144123314065511,1.70660362891072,0.129154451689131
0.391684740118908,0.0132118451025057,1.70609719583002,0.132111821957221
0.38557071942549,0.014429012345679,1.69118046135267,0.157548313979965
0.387574925253566,0.0135030864197531,1.69502990985153,0.129795963849406
0.390387984800092,0.013348855258052,1.70219300585506,0.123563999638567
0.39012602188002,0.0136870434448289,1.70120662535505,0.125909331136834
0.391273296162235,0.0145929339477727,1.70349332511229,0.146964966522702
0.395763622464846,0.0148319814600232,1.71465858746442,0.140908908817582
0.393531460551863,0.013302752293578,1.70878646448242,0.178495022862512
0.393981497550361,0.0149345650500385,1.71029806059056,0.128897935625112
0.388313986272337,0.0135788262370541,1.69758986414732,0.14939822172052
0.394632840933419,0.0134874759152216,1.7122952685764,0.146495314287984
0.394950673597115,0.013986013986014,1.71264048524864,0.150078173687496
0.392377421013236,0.0143021914648212,1.70637564954891,0.13942814489787
0.394700195680188,0.0139624088991178,1.71114895083083,0.159538695720487
0.392845692223761,0.0146572104018913,1.70801468682002,0.176934045945053
0.393056387513968,0.0135166093928981,1.70858532914291,0.148365351351843
0.390641997175276,0.0126582278481013,1.70324139196516,0.157959386005457
0.391389663481062,0.0126356589147287,1.70449818277609,0.122887482328516
0.391756226361236,0.0140269749518304,1.70595131266087,0.135200359366375
0.391429837342717,0.013840830449827,1.70474986857247,0.140001069638429
0.393036760932393,0.0151761517615176,1.70844238344701,0.131712539924591
0.391264191456247,0.0126436781609195,1.70292611180951,0.146815483434249
0.392164676403551,0.0136870434448289,1.70614754047327,0.126507487966071
0.395102863985451,0.0146341463414634,1.71295684966693,0.123020921263019
0.394141157938298,0.015473441108545,1.71054155390586,0.126619680858242
0.38606531854751,0.0124048706240487,1.69228086709437,0.173307674256514
0.393407341382384,0.013550135501355,1.70900934321681,0.141212832296484
0.395094988770153,0.0148148148148148,1.71278780330306,0.138046773009662
0.391690002683312,0.0132414848832759,1.70527236311004,0.104562157202185
0.394775809087937,0.0131809523809524,1.71155024644224,0.132553265951493
0.39162474828809,0.0146002317497103,1.70510590118644,0.166550565925663
0.391302034941976,0.0148753894080997,1.70382144481754,0.121418099829966
0.391145455089446,0.0150738150738151,1.70431574355069,0.171800573673994
0.393472850168305,0.0143410852713178,1.70924010152847,0.123124654725462
0.392728113498211,0.0142139822325222,1.70775175309861,0.117925367332193
0.393498158806657,0.0139697322467986,1.70907599175342,0.132756167365278
0.393187731069424,0.0139908256880734,1.70944953844369,0.130551864577226
0.392740473798628,0.0129800307219662,1.70663524162191,0.153600958203341
0.391737672161564,0.015028901734104,1.70530367782979,0.189128109226858
0.393950724575483,0.0128858024691358,1.7092318792848,0.151890771608462
0.390341632286061,0.0146945088940449,1.70180165811622,0.18749748480103
0.391282356520244,0.0125670498084291,1.70392818661751,0.14018545743256
0.393414204551835,0.0141827834660599,1.70896000758022,0.131742288024033
0.389366345443145,0.0141275295914471,1.69988256200799,0.15792024883197
0.386878628930716,0.0142139822325222,1.69373696146872,0.153617652081814
0.392742439673911,0.0143295019157088,1.70747051376875,0.137731766933121
0.39382528911992,0.0135632183908046,1.71073571753136,0.129951052654288
0.388867628012622,0.013594470046083,1.69889412630889,0.155219471642021
0.393264981580188,0.0144559784698193,1.70815703786564,0.168897392117807
0.390562457977483,0.0128858024691358,1.70256230166603,0.151980581949455
0.391156947248712,0.0148319814600232,1.70378842332355,0.162990915207854
0.396484868457187,0.0132872503840246,1.71552904115209,0.128736015007075
0.397545850281881,0.0138728323699422,1.71763912054061,0.139620434426038
0.393524650079866,0.0145736434108527,1.70946647906542,0.14617815740229
0.391780371527207,0.0138089758342923,1.70454520597679,0.147137006874231
0.387414449166394,0.0131809523809524,1.69576824541076,0.145013790029928
0.392158651203159,0.0144227080935942,1.70527999278517,0.159980950753598
0.395765528841661,0.0136258660508083,1.71388815319666,0.119628759441754
0.390906456041334,0.0133029266438617,1.70366092615977,0.136256595749075
0.396429966957477,0.0143244289585753,1.71514460709885,0.125370120110179
0.39465354815417,0.014958238420653,1.71230820713286,0.131156925270147
0.393105801672088,0.0141461508401719,1.70762406150571,0.147177981653776
0.391233927620958,0.0126291618828932,1.70328159377523,0.144728609444796
0.392682152287162,0.0145664739884393,1.70830408105409,0.130894275080079
0.398457512788206,0.0152249134948097,1.72052650459373,0.136530606954137
0.394451892186124,0.0139280125195618,1.71047016672603,0.0897203946131697
0.393461743706675,0.015916955017301,1.70908408856333,0.145113874106153
0.392031279058123,0.0134259259259259,1.70456715655516,0.149194443828919
0.391721784035808,0.013763936947328,1.70564244859472,0.155321258541091
0.391400232281835,0.0134719014626636,1.7049493063202,0.138937483940285
0.394721054092226,0.0150364403528961,1.71190773713389,0.135417290363262
0.389728391726818,0.0123006833712984,1.70038955488959,0.169272811391067
0.390912282090872,0.0130884041331803,1.70340297297344,0.145420332192307
0.39328726866725,0.0140672782874618,1.70849853356742,0.147190668029954
0.389291372297153,0.0166473988439306,1.69926976373234,0.163933638869136
0.394739674978184,0.016358024691358,1.71214360077881,0.123617459157867
0.391364989520618,0.0132409545804465,1.70466632886239,0.127300346533433
0.390772779700115,0.0129950019223376,1.70364119829138,0.15077789689859
0.392453168366254,0.0133642332947084,1.70656692531859,0.122581754009467
0.39024398492393,0.0130869899923018,1.70197873527972,0.132211078446941
0.392892447919403,0.0132875143184422,1.70671795715357,0.118150328648001
0.392367168246173,0.0129032258064516,1.70663519841648,0.127852418071594
0.39179756233638,0.0138117283950617,1.70544538863388,0.138559800621723
0.395720238391686,0.0136536994660564,1.71405580486676,0.113268713742935
0.38954515628181,0.0136536994660564,1.6999007688273,0.165768056006999
0.388428787033461,0.012037037037037,1.69782137522973,0.149097727026007
0.38972160654268,0.0120583717357911,1.70036264912629,0.147147226211778
0.393619938416597,0.0148318042813456,1.70923166382751,0.139056427670009
0.390201522070015,0.0135464231354642,1.70136285938482,0.11691408064545
0.392826852136147,0.01270207852194,1.70774501151971,0.102497389697526
0.393194577570861,0.0132262996941896,1.70818011610629,0.135921488102261
0.39163154785972,0.0136592937524253,1.7050841991509,0.170448603496348
0.391490220468309,0.0139898397811645,1.70428124581106,0.135424335468315
0.39116122893518,0.0135774218154081,1.70348145935971,0.132715875291398
0.395921149513467,0.0135632183908046,1.71461572654829,0.146378775894793
0.391529754207297,0.013441483198146,1.70513272569997,0.137219740464061
0.394498554952327,0.013627564847077,1.71075458067723,0.140665405747915
0.388135704360027,0.0133797370456303,1.69775504423891,0.125337441632278
0.390111072727572,0.0144267274107821,1.70135246467108,0.148174500771467
0.39482539382284,0.0127529591447117,1.71285869166315,0.153238599757368
0.391312274435391,0.0144393241167435,1.70514634095362,0.105838549379957
0.396769468308326,0.0143895905089935,1.7160524353548,0.129673688868774
0.396800498145491,0.0137984496124031,1.71643571191166,0.155080064248833
0.392066739614951,0.0158362302047122,1.70555951887256,0.145747558126406
0.392733176336259,0.0137186897880539,1.70813515307264,0.123718769479629
0.388236141497628,0.0144018583042973,1.69650858535756,0.167155579909221
0.396216272720347,0.0130568356374808,1.71510427375343,0.10921692686061
0.395209432082244,0.0141414141414141,1.7128063392402,0.160042826236674
0.394925206009032,0.0137480798771121,1.71252267935782,0.1279814229801
0.395515717109583,0.0142201834862385,1.71397104825366,0.119817443243777
0.389373261202157,0.01272030651341,1.70010059456959,0.174345867942027
0.391333705277313,0.0125,1.70509948388925,0.148943364803573
0.395624192131759,0.0142801707411719,1.71319183502369,0.09600795872052
0.392200456718761,0.015028901734104,1.70662535914273,0.144881088823752
0.390520028494712,0.0129650939777522,1.70158823198872,0.175749416688858
0.385969100121316,0.0123314065510597,1.69251048694535,0.16852472574489
0.393837710827862,0.0153549382716049,1.70986104144736,0.127529782578558
0.390440755682412,0.0125192012288787,1.70167975828148,0.167664447637372
0.395355515246681,0.0130232558139535,1.71231983137294,0.161888261014621
0.392064786588719,0.0142365097588978,1.7063271527326,0.163881426842419
0.39535679631206,0.0135166093928981,1.71304560885319,0.150170154865688
0.39650892735164,0.0140511645666285,1.71587535402781,0.155671564533259
0.391980700263622,0.0145328719723183,1.70565822495859,0.118483652140872
0.392205108351503,0.0138277327153341,1.70679409547407,0.116656021753416
0.39818923371958,0.013627564847077,1.71994745590216,0.13276433905434
0.390117030915196,0.0147547315565856,1.70193154259403,0.136632101554501
0.394839005506836,0.0140229885057471,1.71250596670486,0.126186477673009
0.394896355055004,0.0148837209302326,1.71240062734746,0.13159982587653
0.389643621656688,0.0148062907556578,1.70014489164437,0.170810538544676
0.393117159439219,0.0137614678899083,1.70868603251528,0.158054164192337
0.39248637449358,0.0127822426329889,1.70768618912033,0.131855370371721
0.393908473155891,0.0146417445482866,1.70939292707163,0.122895556941076
0.394162841969646,0.0146866589773164,1.71014262819597,0.167921224948819
0.395135394073736,0.0125815113156885,1.71238514667025,0.160197204207627
0.391556796330022,0.0156359393232205,1.70514708210177,0.117321275897366
0.397811372433026,0.0140473418703919,1.71855815592158,0.13873862395404
0.392917407314511,0.0134577985219759,1.7082883990953,0.112035487328335
0.394289666698266,0.013302752293578,1.71088118977428,0.125629635522467
0.394868920955501,0.0132558139534884,1.71182070154037,0.152490659267771
0.392966119221734,0.0125047947832758,1.70746139747205,0.131681856414597
0.394585707983326,0.0166473093302362,1.71182400060649,0.135480217492325
0.392869983182184,0.0149847094801223,1.70762578761255,0.146337260076741
0.394307922303393,0.0135011441647597,1.71119468093262,0.142759198800219
0.392234502746315,0.013441483198146,1.7064590438353,0.160651647002764
0.391025439712664,0.0138759689922481,1.70315378933488,0.171022535877871
0.397739370964051,0.0132712456344587,1.7191258332268,0.145859727007412
0.392832033868658,0.0131487889273356,1.70795534713147,0.138154985306069
0.386594349208863,0.0127057022579411,1.69364678072416,0.170355472191586
0.389118543844331,0.0125097125097125,1.69928072611617,0.169950399154168
0.394241207894546,0.0132097334878331,1.71038667620038,0.147885880523917
0.393659289758106,0.0125526215078454,1.70926493022408,0.14518372355285
0.391676300578035,0.0126250962278676,1.70454363747402,0.136795691756354
0.396504246586405,0.0129204892966361,1.71652526184532,0.10862694472605
0.387810966625181,0.0124228395061728,1.69644987943971,0.173443962552088
0.389578248769,0.0130250481695568,1.70031617527038,0.16198475041931
0.398031668402542,0.0142252979623222,1.71859773158615,0.10860515653696
0.38787320208163,0.013840830449827,1.69650811757832,0.138149055530783
0.394662279839197,0.014900153609831,1.71205604957233,0.151188490680729
0.392733678082555,0.0133023975251353,1.70704297398781,0.121282946876882
0.394563936486118,0.0129988597491448,1.71147419906404,0.128146313289756
0.394064609429079,0.0132567049808429,1.71071154906115,0.132295437028603
0.390348242923165,0.0144457319428351,1.70248764785148,0.185291964818242
0.39217959092167,0.0149675448644521,1.70703264438195,0.141120813629377
0.39397069106033,0.0145129996119519,1.7097186117913,0.14025421755172
0.391328910642916,0.0108937476026084,1.7044066970701,0.112853205826832
0.391004829170391,0.0134248665141114,1.70449895378478,0.149897844480553
0.39118915956499,0.0135155656795748,1.7038009465725,0.177414105696532
0.390046792648987,0.0131147540983607,1.70128376894231,0.141656473368955
0.390567687147649,0.0139499036608863,1.70304582130461,0.146073063144214
0.39285757773429,0.0144596651445967,1.70805169544879,0.109004543969079
0.390823213327132,0.0136732329084589,1.70304761996102,0.127594813196539
0.392780702768407,0.0135166093928981,1.70654281247383,0.140391077795558
0.393780743424725,0.0142201834862385,1.70984721801214,0.112255436208178
0.391547561466079,0.0132872503840246,1.70418035694709,0.134042061840232
0.390435606573355,0.0113178294573643,1.7022434795288,0.13474703774599
0.391306998524694,0.0121071012805588,1.70473264309112,0.141610322486923
0.392009147801123,0.0146171693735499,1.70610169348608,0.153915734749874
0.394338760172001,0.0148233486943164,1.71059021120702,0.149700364701283
0.394262315100499,0.0152890958478851,1.71059557406224,0.12533099556272
0.388493320257165,0.0144761904761905,1.69838908768557,0.131751754008391
0.394711897180449,0.0131347842688049,1.71175359255219,0.138635777053979
0.393969313455895,0.0137529137529138,1.7099413477493,0.147476659227184
0.397583761364173,0.0146246596654998,1.71861016964121,0.126633731331426
0.39232922855795,0.0142528735632184,1.70710984228311,0.130315987864359
0.39156551803861,0.0124474990454372,1.70365308145387,0.126004043368335
0.392897742799366,0.0150311526479751,1.70800365083389,0.13651768613279
0.392447432874584,0.0135187331015836,1.70605483439495,0.137998900215575
0.395743441238322,0.0132575757575758,1.71380024569001,0.135164536119068
